(kicad_pcb (version 20171130) (host pcbnew 5.1.10)

  (general
    (thickness 1.6)
    (drawings 27)
    (tracks 258)
    (zones 0)
    (modules 42)
    (nets 25)
  )

  (page A4)
  (layers
    (0 F.Cu signal)
    (31 B.Cu signal)
    (32 B.Adhes user)
    (33 F.Adhes user)
    (34 B.Paste user)
    (35 F.Paste user)
    (36 B.SilkS user)
    (37 F.SilkS user)
    (38 B.Mask user)
    (39 F.Mask user)
    (40 Dwgs.User user)
    (41 Cmts.User user)
    (42 Eco1.User user)
    (43 Eco2.User user)
    (44 Edge.Cuts user)
    (45 Margin user)
    (46 B.CrtYd user)
    (47 F.CrtYd user)
    (48 B.Fab user)
    (49 F.Fab user)
  )

  (setup
    (last_trace_width 0.25)
    (trace_clearance 0.2)
    (zone_clearance 0.508)
    (zone_45_only yes)
    (trace_min 0.2)
    (via_size 0.8)
    (via_drill 0.4)
    (via_min_size 0.4)
    (via_min_drill 0.3)
    (uvia_size 0.3)
    (uvia_drill 0.1)
    (uvias_allowed no)
    (uvia_min_size 0.2)
    (uvia_min_drill 0.1)
    (edge_width 0.05)
    (segment_width 0.2)
    (pcb_text_width 0.3)
    (pcb_text_size 1.5 1.5)
    (mod_edge_width 0.12)
    (mod_text_size 1 1)
    (mod_text_width 0.15)
    (pad_size 1.524 1.524)
    (pad_drill 0.762)
    (pad_to_mask_clearance 0)
    (aux_axis_origin 0 0)
    (visible_elements FFFFFF7F)
    (pcbplotparams
      (layerselection 0x010fc_ffffffff)
      (usegerberextensions false)
      (usegerberattributes true)
      (usegerberadvancedattributes true)
      (creategerberjobfile true)
      (excludeedgelayer true)
      (linewidth 0.100000)
      (plotframeref false)
      (viasonmask false)
      (mode 1)
      (useauxorigin false)
      (hpglpennumber 1)
      (hpglpenspeed 20)
      (hpglpendiameter 15.000000)
      (psnegative false)
      (psa4output false)
      (plotreference true)
      (plotvalue true)
      (plotinvisibletext false)
      (padsonsilk false)
      (subtractmaskfromsilk false)
      (outputformat 1)
      (mirror false)
      (drillshape 1)
      (scaleselection 1)
      (outputdirectory ""))
  )

  (net 0 "")
  (net 1 "Net-(C1-Pad1)")
  (net 2 GND)
  (net 3 "Net-(C2-Pad1)")
  (net 4 +5V)
  (net 5 +3V3)
  (net 6 CCR)
  (net 7 I2C_2_SDA)
  (net 8 I2C_2_SCL)
  (net 9 I2C_1_SDA)
  (net 10 I2C_1_SCL)
  (net 11 PWM)
  (net 12 SPI_CS)
  (net 13 SPI_CLK)
  (net 14 SPI_Tx)
  (net 15 SPI_Rx)
  (net 16 "Net-(C5-Pad1)")
  (net 17 "Net-(C6-Pad1)")
  (net 18 "Net-(D2-Pad1)")
  (net 19 "Net-(D2-Pad2)")
  (net 20 "Net-(J2-Pad11)")
  (net 21 SD_DET)
  (net 22 "Net-(J3-Pad3)")
  (net 23 "Net-(J3-Pad4)")
  (net 24 "Net-(U2-Pad1)")

  (net_class Default "This is the default net class."
    (clearance 0.2)
    (trace_width 0.25)
    (via_dia 0.8)
    (via_drill 0.4)
    (uvia_dia 0.3)
    (uvia_drill 0.1)
    (add_net +3V3)
    (add_net +5V)
    (add_net CCR)
    (add_net GND)
    (add_net I2C_1_SCL)
    (add_net I2C_1_SDA)
    (add_net I2C_2_SCL)
    (add_net I2C_2_SDA)
    (add_net "Net-(C1-Pad1)")
    (add_net "Net-(C2-Pad1)")
    (add_net "Net-(C5-Pad1)")
    (add_net "Net-(C6-Pad1)")
    (add_net "Net-(D2-Pad1)")
    (add_net "Net-(D2-Pad2)")
    (add_net "Net-(J2-Pad1)")
    (add_net "Net-(J2-Pad11)")
    (add_net "Net-(J2-Pad8)")
    (add_net "Net-(J3-Pad3)")
    (add_net "Net-(J3-Pad4)")
    (add_net "Net-(J3-Pad5)")
    (add_net "Net-(J3-Pad6)")
    (add_net "Net-(J3-Pad8)")
    (add_net "Net-(U2-Pad1)")
    (add_net "Net-(U3-Pad1)")
    (add_net "Net-(U3-Pad13)")
    (add_net "Net-(U3-Pad14)")
    (add_net "Net-(U3-Pad15)")
    (add_net "Net-(U3-Pad16)")
    (add_net "Net-(U3-Pad17)")
    (add_net "Net-(U3-Pad18)")
    (add_net "Net-(U3-Pad19)")
    (add_net "Net-(U3-Pad20)")
    (add_net "Net-(U3-Pad22)")
    (add_net "Net-(U3-Pad24)")
    (add_net "Net-(U3-Pad25)")
    (add_net "Net-(U3-Pad28)")
    (add_net "Net-(U3-Pad29)")
    (add_net "Net-(U3-Pad3)")
    (add_net "Net-(U3-Pad30)")
    (add_net "Net-(U3-Pad31)")
    (add_net "Net-(U3-Pad32)")
    (add_net "Net-(U3-Pad33)")
    (add_net "Net-(U3-Pad34)")
    (add_net "Net-(U3-Pad37)")
    (add_net "Net-(U3-Pad38)")
    (add_net "Net-(U3-Pad39)")
    (add_net "Net-(U3-Pad4)")
    (add_net "Net-(U3-Pad40)")
    (add_net "Net-(U3-Pad5)")
    (add_net "Net-(U3-Pad6)")
    (add_net "Net-(U3-Pad8)")
    (add_net "Net-(U4-Pad1)")
    (add_net "Net-(U4-Pad2)")
    (add_net PWM)
    (add_net SD_DET)
    (add_net SPI_CLK)
    (add_net SPI_CS)
    (add_net SPI_Rx)
    (add_net SPI_Tx)
  )

  (module MountingHole:MountingHole_4.5mm (layer F.Cu) (tedit 56D1B4CB) (tstamp 61A4F292)
    (at 76.7 46.1)
    (descr "Mounting Hole 4.5mm, no annular")
    (tags "mounting hole 4.5mm no annular")
    (path /61A56EC9)
    (attr virtual)
    (fp_text reference H4 (at 0 -5.5) (layer F.SilkS)
      (effects (font (size 1 1) (thickness 0.15)))
    )
    (fp_text value MountingHole (at 0 5.5) (layer F.Fab)
      (effects (font (size 1 1) (thickness 0.15)))
    )
    (fp_text user %R (at 0.3 0) (layer F.Fab)
      (effects (font (size 1 1) (thickness 0.15)))
    )
    (fp_circle (center 0 0) (end 4.5 0) (layer Cmts.User) (width 0.15))
    (fp_circle (center 0 0) (end 4.75 0) (layer F.CrtYd) (width 0.05))
    (pad 1 np_thru_hole circle (at 0 0) (size 4.5 4.5) (drill 4.5) (layers *.Cu *.Mask))
  )

  (module MountingHole:MountingHole_4.5mm (layer F.Cu) (tedit 56D1B4CB) (tstamp 61A4D1B6)
    (at 160.1 46.1)
    (descr "Mounting Hole 4.5mm, no annular")
    (tags "mounting hole 4.5mm no annular")
    (path /61A56A8C)
    (attr virtual)
    (fp_text reference H3 (at 0 -5.5) (layer F.SilkS)
      (effects (font (size 1 1) (thickness 0.15)))
    )
    (fp_text value MountingHole (at 0 5.5) (layer F.Fab)
      (effects (font (size 1 1) (thickness 0.15)))
    )
    (fp_text user %R (at 0.3 0) (layer F.Fab)
      (effects (font (size 1 1) (thickness 0.15)))
    )
    (fp_circle (center 0 0) (end 4.5 0) (layer Cmts.User) (width 0.15))
    (fp_circle (center 0 0) (end 4.75 0) (layer F.CrtYd) (width 0.05))
    (pad 1 np_thru_hole circle (at 0 0) (size 4.5 4.5) (drill 4.5) (layers *.Cu *.Mask))
  )

  (module MountingHole:MountingHole_4.5mm (layer F.Cu) (tedit 56D1B4CB) (tstamp 61A4D1AE)
    (at 76.7 144.1)
    (descr "Mounting Hole 4.5mm, no annular")
    (tags "mounting hole 4.5mm no annular")
    (path /61A5636D)
    (attr virtual)
    (fp_text reference H2 (at 0 -5.5) (layer F.SilkS)
      (effects (font (size 1 1) (thickness 0.15)))
    )
    (fp_text value MountingHole (at 0 5.5) (layer F.Fab)
      (effects (font (size 1 1) (thickness 0.15)))
    )
    (fp_text user %R (at 0.3 0) (layer F.Fab)
      (effects (font (size 1 1) (thickness 0.15)))
    )
    (fp_circle (center 0 0) (end 4.5 0) (layer Cmts.User) (width 0.15))
    (fp_circle (center 0 0) (end 4.75 0) (layer F.CrtYd) (width 0.05))
    (pad 1 np_thru_hole circle (at 0 0) (size 4.5 4.5) (drill 4.5) (layers *.Cu *.Mask))
  )

  (module MountingHole:MountingHole_4.5mm (layer F.Cu) (tedit 56D1B4CB) (tstamp 61A4E4B5)
    (at 160.1 144.1)
    (descr "Mounting Hole 4.5mm, no annular")
    (tags "mounting hole 4.5mm no annular")
    (path /61A55877)
    (attr virtual)
    (fp_text reference H1 (at 0 -5.5) (layer F.SilkS)
      (effects (font (size 1 1) (thickness 0.15)))
    )
    (fp_text value MountingHole (at 0 5.5) (layer F.Fab)
      (effects (font (size 1 1) (thickness 0.15)))
    )
    (fp_text user %R (at 0.3 0) (layer F.Fab)
      (effects (font (size 1 1) (thickness 0.15)))
    )
    (fp_circle (center 0 0) (end 4.5 0) (layer Cmts.User) (width 0.15))
    (fp_circle (center 0 0) (end 4.75 0) (layer F.CrtYd) (width 0.05))
    (pad 1 np_thru_hole circle (at 0 0) (size 4.5 4.5) (drill 4.5) (layers *.Cu *.Mask))
  )

  (module MSP-EXP432P401R:MSP-EXP432P401R-Backboard (layer F.Cu) (tedit 617D2EC5) (tstamp 61A52FD9)
    (at 121.660001 102.455001)
    (path /618500BC)
    (fp_text reference U3 (at -15.875 0.635 90) (layer F.SilkS)
      (effects (font (size 1 1) (thickness 0.15)))
    )
    (fp_text value BackBoard (at -13.335 0 90) (layer F.Fab)
      (effects (font (size 1 1) (thickness 0.15)))
    )
    (fp_line (start 30.48 -61.595) (end 29.21 -61.595) (layer Dwgs.User) (width 0.12))
    (fp_line (start 30.48 -12.7) (end 30.48 -61.595) (layer Dwgs.User) (width 0.12))
    (fp_line (start -27.94 -61.595) (end 29.21 -61.595) (layer Dwgs.User) (width 0.12))
    (fp_line (start -27.94 -12.7) (end -27.94 -61.595) (layer Dwgs.User) (width 0.12))
    (fp_line (start -27.94 0) (end -27.94 -12.7) (layer Dwgs.User) (width 0.12))
    (fp_line (start 30.48 12.7) (end 30.48 -12.7) (layer Dwgs.User) (width 0.12))
    (fp_line (start 25.4 33.02) (end -22.86 33.02) (layer Dwgs.User) (width 0.12))
    (fp_line (start 30.48 33.02) (end 25.4 33.02) (layer Dwgs.User) (width 0.12))
    (fp_line (start 30.48 12.7) (end 30.48 33.02) (layer Dwgs.User) (width 0.12))
    (fp_line (start -27.94 33.02) (end -22.86 33.02) (layer Dwgs.User) (width 0.12))
    (fp_line (start -27.94 0) (end -27.94 33.02) (layer Dwgs.User) (width 0.12))
    (fp_line (start 25.4 -12.7) (end 24.765 -12.7) (layer B.Paste) (width 0.12))
    (fp_line (start 25.4 -12.7) (end 25.4 -12.065) (layer B.Paste) (width 0.12))
    (fp_line (start 20.32 -12.7) (end 20.955 -12.7) (layer B.Paste) (width 0.12))
    (fp_line (start 20.32 -12.7) (end 20.32 -12.065) (layer B.Paste) (width 0.12))
    (fp_line (start 22.86 -10.16) (end 22.86 12.7) (layer B.Paste) (width 0.12))
    (fp_line (start 20.32 12.7) (end 20.32 -10.16) (layer B.Paste) (width 0.12))
    (fp_line (start 25.4 12.7) (end 20.32 12.7) (layer B.Paste) (width 0.12))
    (fp_line (start 25.4 -10.16) (end 25.4 12.7) (layer B.Paste) (width 0.12))
    (fp_line (start 20.32 -10.16) (end 25.4 -10.16) (layer B.Paste) (width 0.12))
    (fp_line (start 22.86 -12.7) (end 22.86 12.7) (layer Dwgs.User) (width 0.12))
    (fp_line (start 25.4 -12.7) (end 20.32 -12.7) (layer Dwgs.User) (width 0.12))
    (fp_line (start 25.4 12.7) (end 25.4 -12.7) (layer Dwgs.User) (width 0.12))
    (fp_line (start 20.32 12.7) (end 25.4 12.7) (layer Dwgs.User) (width 0.12))
    (fp_line (start 20.32 -12.7) (end 20.32 12.7) (layer Dwgs.User) (width 0.12))
    (fp_line (start -17.78 -12.7) (end -18.415 -12.7) (layer B.Paste) (width 0.12))
    (fp_line (start -17.78 -12.065) (end -17.78 -12.7) (layer B.Paste) (width 0.12))
    (fp_line (start -22.86 -12.7) (end -22.225 -12.7) (layer B.Paste) (width 0.12))
    (fp_line (start -22.86 -12.065) (end -22.86 -12.7) (layer B.Paste) (width 0.12))
    (fp_line (start -22.86 -12.7) (end -22.86 -12.065) (layer B.Paste) (width 0.12))
    (fp_line (start -22.86 12.7) (end -20.32 12.7) (layer B.Paste) (width 0.12))
    (fp_line (start -22.86 -10.16) (end -22.86 12.7) (layer B.Paste) (width 0.12))
    (fp_line (start -20.32 -10.16) (end -22.86 -10.16) (layer B.Paste) (width 0.12))
    (fp_line (start -17.78 -10.16) (end -20.32 -10.16) (layer B.Paste) (width 0.12))
    (fp_line (start -17.78 12.7) (end -17.78 -10.16) (layer B.Paste) (width 0.12))
    (fp_line (start -20.32 12.7) (end -17.78 12.7) (layer B.Paste) (width 0.12))
    (fp_line (start -20.32 -10.16) (end -20.32 12.7) (layer B.Paste) (width 0.12))
    (fp_line (start -20.32 12.7) (end -22.86 12.7) (layer Dwgs.User) (width 0.12))
    (fp_line (start -22.86 -12.7) (end -22.86 12.7) (layer Dwgs.User) (width 0.12))
    (fp_line (start -20.32 -12.7) (end -22.86 -12.7) (layer Dwgs.User) (width 0.12))
    (fp_line (start -22.86 -12.7) (end -20.32 -12.7) (layer Dwgs.User) (width 0.12))
    (fp_line (start -17.78 -12.7) (end -20.32 -12.7) (layer Dwgs.User) (width 0.12))
    (fp_line (start -17.78 12.7) (end -17.78 -12.7) (layer Dwgs.User) (width 0.12))
    (fp_line (start -20.32 12.7) (end -17.78 12.7) (layer Dwgs.User) (width 0.12))
    (fp_line (start -20.32 -12.7) (end -20.32 12.7) (layer Dwgs.User) (width 0.12))
    (pad 19 thru_hole circle (at -19.05 8.89) (size 1.524 1.524) (drill 0.762) (layers *.Cu *.Mask))
    (pad 20 thru_hole circle (at -19.05 11.43) (size 1.524 1.524) (drill 0.762) (layers *.Cu *.Mask))
    (pad 18 thru_hole circle (at -19.05 6.35) (size 1.524 1.524) (drill 0.762) (layers *.Cu *.Mask))
    (pad 17 thru_hole circle (at -19.05 3.81) (size 1.524 1.524) (drill 0.762) (layers *.Cu *.Mask))
    (pad 16 thru_hole circle (at -19.05 1.27) (size 1.524 1.524) (drill 0.762) (layers *.Cu *.Mask))
    (pad 15 thru_hole circle (at -19.05 -1.27) (size 1.524 1.524) (drill 0.762) (layers *.Cu *.Mask))
    (pad 14 thru_hole circle (at -19.05 -3.81) (size 1.524 1.524) (drill 0.762) (layers *.Cu *.Mask))
    (pad 13 thru_hole circle (at -19.05 -6.35) (size 1.524 1.524) (drill 0.762) (layers *.Cu *.Mask))
    (pad 12 thru_hole circle (at -19.05 -8.89) (size 1.524 1.524) (drill 0.762) (layers *.Cu *.Mask)
      (net 2 GND))
    (pad 11 thru_hole rect (at -19.05 -11.43) (size 1.524 1.524) (drill 0.762) (layers *.Cu *.Mask)
      (net 4 +5V))
    (pad 10 thru_hole circle (at -21.59 11.43) (size 1.524 1.524) (drill 0.762) (layers *.Cu *.Mask)
      (net 9 I2C_1_SDA))
    (pad 5 thru_hole circle (at -21.59 -1.27) (size 1.524 1.524) (drill 0.762) (layers *.Cu *.Mask))
    (pad 8 thru_hole circle (at -21.59 6.35) (size 1.524 1.524) (drill 0.762) (layers *.Cu *.Mask))
    (pad 2 thru_hole circle (at -21.59 -8.89) (size 1.524 1.524) (drill 0.762) (layers *.Cu *.Mask)
      (net 12 SPI_CS))
    (pad 6 thru_hole circle (at -21.59 1.27) (size 1.524 1.524) (drill 0.762) (layers *.Cu *.Mask))
    (pad 7 thru_hole circle (at -21.59 3.81) (size 1.524 1.524) (drill 0.762) (layers *.Cu *.Mask)
      (net 13 SPI_CLK))
    (pad 9 thru_hole circle (at -21.59 8.89) (size 1.524 1.524) (drill 0.762) (layers *.Cu *.Mask)
      (net 10 I2C_1_SCL))
    (pad 4 thru_hole circle (at -21.59 -3.81) (size 1.524 1.524) (drill 0.762) (layers *.Cu *.Mask))
    (pad 3 thru_hole circle (at -21.59 -6.35) (size 1.524 1.524) (drill 0.762) (layers *.Cu *.Mask))
    (pad 1 thru_hole rect (at -21.59 -11.43) (size 1.524 1.524) (drill 0.762) (layers *.Cu *.Mask))
    (pad 34 thru_hole circle (at 21.59 3.81) (size 1.524 1.524) (drill 0.762) (layers *.Cu *.Mask))
    (pad 30 thru_hole circle (at 24.13 11.43) (size 1.524 1.524) (drill 0.762) (layers *.Cu *.Mask))
    (pad 31 thru_hole circle (at 21.59 11.43) (size 1.524 1.524) (drill 0.762) (layers *.Cu *.Mask))
    (pad 37 thru_hole circle (at 21.59 -3.81) (size 1.524 1.524) (drill 0.762) (layers *.Cu *.Mask))
    (pad 38 thru_hole circle (at 21.59 -6.35) (size 1.524 1.524) (drill 0.762) (layers *.Cu *.Mask))
    (pad 40 thru_hole rect (at 21.59 -11.43) (size 1.524 1.524) (drill 0.762) (layers *.Cu *.Mask))
    (pad 25 thru_hole circle (at 24.13 -1.27) (size 1.524 1.524) (drill 0.762) (layers *.Cu *.Mask))
    (pad 36 thru_hole circle (at 21.59 -1.27) (size 1.524 1.524) (drill 0.762) (layers *.Cu *.Mask)
      (net 8 I2C_2_SCL))
    (pad 32 thru_hole circle (at 21.59 8.89) (size 1.524 1.524) (drill 0.762) (layers *.Cu *.Mask))
    (pad 28 thru_hole circle (at 24.13 6.35) (size 1.524 1.524) (drill 0.762) (layers *.Cu *.Mask))
    (pad 22 thru_hole circle (at 24.13 -8.89) (size 1.524 1.524) (drill 0.762) (layers *.Cu *.Mask))
    (pad 26 thru_hole circle (at 24.13 1.27) (size 1.524 1.524) (drill 0.762) (layers *.Cu *.Mask)
      (net 14 SPI_Tx))
    (pad 27 thru_hole circle (at 24.13 3.81) (size 1.524 1.524) (drill 0.762) (layers *.Cu *.Mask)
      (net 15 SPI_Rx))
    (pad 29 thru_hole circle (at 24.13 8.89) (size 1.524 1.524) (drill 0.762) (layers *.Cu *.Mask))
    (pad 33 thru_hole circle (at 21.59 6.35) (size 1.524 1.524) (drill 0.762) (layers *.Cu *.Mask))
    (pad 24 thru_hole circle (at 24.13 -3.81) (size 1.524 1.524) (drill 0.762) (layers *.Cu *.Mask))
    (pad 39 thru_hole circle (at 21.59 -8.89) (size 1.524 1.524) (drill 0.762) (layers *.Cu *.Mask))
    (pad 23 thru_hole circle (at 24.13 -6.35) (size 1.524 1.524) (drill 0.762) (layers *.Cu *.Mask)
      (net 21 SD_DET))
    (pad 35 thru_hole circle (at 21.59 1.27) (size 1.524 1.524) (drill 0.762) (layers *.Cu *.Mask)
      (net 7 I2C_2_SDA))
    (pad 21 thru_hole rect (at 24.13 -11.43) (size 1.524 1.524) (drill 0.762) (layers *.Cu *.Mask)
      (net 2 GND))
  )

  (module Capacitor_SMD:C_1210_3225Metric (layer F.Cu) (tedit 5F68FEEE) (tstamp 61A527C0)
    (at 86.421 60.28 270)
    (descr "Capacitor SMD 1210 (3225 Metric), square (rectangular) end terminal, IPC_7351 nominal, (Body size source: IPC-SM-782 page 76, https://www.pcb-3d.com/wordpress/wp-content/uploads/ipc-sm-782a_amendment_1_and_2.pdf), generated with kicad-footprint-generator")
    (tags capacitor)
    (path /617EB750)
    (attr smd)
    (fp_text reference C1 (at 0 -2.3 90) (layer F.SilkS)
      (effects (font (size 1 1) (thickness 0.15)))
    )
    (fp_text value C (at 0 2.3 90) (layer F.Fab)
      (effects (font (size 1 1) (thickness 0.15)))
    )
    (fp_line (start -1.6 1.25) (end -1.6 -1.25) (layer F.Fab) (width 0.1))
    (fp_line (start -1.6 -1.25) (end 1.6 -1.25) (layer F.Fab) (width 0.1))
    (fp_line (start 1.6 -1.25) (end 1.6 1.25) (layer F.Fab) (width 0.1))
    (fp_line (start 1.6 1.25) (end -1.6 1.25) (layer F.Fab) (width 0.1))
    (fp_line (start -0.711252 -1.36) (end 0.711252 -1.36) (layer F.SilkS) (width 0.12))
    (fp_line (start -0.711252 1.36) (end 0.711252 1.36) (layer F.SilkS) (width 0.12))
    (fp_line (start -2.3 1.6) (end -2.3 -1.6) (layer F.CrtYd) (width 0.05))
    (fp_line (start -2.3 -1.6) (end 2.3 -1.6) (layer F.CrtYd) (width 0.05))
    (fp_line (start 2.3 -1.6) (end 2.3 1.6) (layer F.CrtYd) (width 0.05))
    (fp_line (start 2.3 1.6) (end -2.3 1.6) (layer F.CrtYd) (width 0.05))
    (fp_text user %R (at 0 0 90) (layer F.Fab)
      (effects (font (size 0.8 0.8) (thickness 0.12)))
    )
    (pad 2 smd roundrect (at 1.475 0 270) (size 1.15 2.7) (layers F.Cu F.Paste F.Mask) (roundrect_rratio 0.217391)
      (net 2 GND))
    (pad 1 smd roundrect (at -1.475 0 270) (size 1.15 2.7) (layers F.Cu F.Paste F.Mask) (roundrect_rratio 0.217391)
      (net 1 "Net-(C1-Pad1)"))
    (model ${KISYS3DMOD}/Capacitor_SMD.3dshapes/C_1210_3225Metric.wrl
      (at (xyz 0 0 0))
      (scale (xyz 1 1 1))
      (rotate (xyz 0 0 0))
    )
  )

  (module Capacitor_SMD:C_1210_3225Metric (layer F.Cu) (tedit 5F68FEEE) (tstamp 61A523CA)
    (at 92.644 60.153 270)
    (descr "Capacitor SMD 1210 (3225 Metric), square (rectangular) end terminal, IPC_7351 nominal, (Body size source: IPC-SM-782 page 76, https://www.pcb-3d.com/wordpress/wp-content/uploads/ipc-sm-782a_amendment_1_and_2.pdf), generated with kicad-footprint-generator")
    (tags capacitor)
    (path /617ED045)
    (attr smd)
    (fp_text reference C2 (at 0 -2.3 90) (layer F.SilkS)
      (effects (font (size 1 1) (thickness 0.15)))
    )
    (fp_text value C (at 0 2.3 90) (layer F.Fab)
      (effects (font (size 1 1) (thickness 0.15)))
    )
    (fp_line (start 2.3 1.6) (end -2.3 1.6) (layer F.CrtYd) (width 0.05))
    (fp_line (start 2.3 -1.6) (end 2.3 1.6) (layer F.CrtYd) (width 0.05))
    (fp_line (start -2.3 -1.6) (end 2.3 -1.6) (layer F.CrtYd) (width 0.05))
    (fp_line (start -2.3 1.6) (end -2.3 -1.6) (layer F.CrtYd) (width 0.05))
    (fp_line (start -0.711252 1.36) (end 0.711252 1.36) (layer F.SilkS) (width 0.12))
    (fp_line (start -0.711252 -1.36) (end 0.711252 -1.36) (layer F.SilkS) (width 0.12))
    (fp_line (start 1.6 1.25) (end -1.6 1.25) (layer F.Fab) (width 0.1))
    (fp_line (start 1.6 -1.25) (end 1.6 1.25) (layer F.Fab) (width 0.1))
    (fp_line (start -1.6 -1.25) (end 1.6 -1.25) (layer F.Fab) (width 0.1))
    (fp_line (start -1.6 1.25) (end -1.6 -1.25) (layer F.Fab) (width 0.1))
    (fp_text user %R (at 0 0 90) (layer F.Fab)
      (effects (font (size 0.8 0.8) (thickness 0.12)))
    )
    (pad 1 smd roundrect (at -1.475 0 270) (size 1.15 2.7) (layers F.Cu F.Paste F.Mask) (roundrect_rratio 0.217391)
      (net 3 "Net-(C2-Pad1)"))
    (pad 2 smd roundrect (at 1.475 0 270) (size 1.15 2.7) (layers F.Cu F.Paste F.Mask) (roundrect_rratio 0.217391)
      (net 2 GND))
    (model ${KISYS3DMOD}/Capacitor_SMD.3dshapes/C_1210_3225Metric.wrl
      (at (xyz 0 0 0))
      (scale (xyz 1 1 1))
      (rotate (xyz 0 0 0))
    )
  )

  (module Capacitor_SMD:C_0603_1608Metric_Pad1.08x0.95mm_HandSolder (layer F.Cu) (tedit 5F68FEEF) (tstamp 61A5289B)
    (at 110.17 59.9505 90)
    (descr "Capacitor SMD 0603 (1608 Metric), square (rectangular) end terminal, IPC_7351 nominal with elongated pad for handsoldering. (Body size source: IPC-SM-782 page 76, https://www.pcb-3d.com/wordpress/wp-content/uploads/ipc-sm-782a_amendment_1_and_2.pdf), generated with kicad-footprint-generator")
    (tags "capacitor handsolder")
    (path /617FEA2E)
    (attr smd)
    (fp_text reference C3 (at 0 -1.43 90) (layer F.SilkS)
      (effects (font (size 1 1) (thickness 0.15)))
    )
    (fp_text value C (at 0 1.43 90) (layer F.Fab)
      (effects (font (size 1 1) (thickness 0.15)))
    )
    (fp_line (start -0.8 0.4) (end -0.8 -0.4) (layer F.Fab) (width 0.1))
    (fp_line (start -0.8 -0.4) (end 0.8 -0.4) (layer F.Fab) (width 0.1))
    (fp_line (start 0.8 -0.4) (end 0.8 0.4) (layer F.Fab) (width 0.1))
    (fp_line (start 0.8 0.4) (end -0.8 0.4) (layer F.Fab) (width 0.1))
    (fp_line (start -0.146267 -0.51) (end 0.146267 -0.51) (layer F.SilkS) (width 0.12))
    (fp_line (start -0.146267 0.51) (end 0.146267 0.51) (layer F.SilkS) (width 0.12))
    (fp_line (start -1.65 0.73) (end -1.65 -0.73) (layer F.CrtYd) (width 0.05))
    (fp_line (start -1.65 -0.73) (end 1.65 -0.73) (layer F.CrtYd) (width 0.05))
    (fp_line (start 1.65 -0.73) (end 1.65 0.73) (layer F.CrtYd) (width 0.05))
    (fp_line (start 1.65 0.73) (end -1.65 0.73) (layer F.CrtYd) (width 0.05))
    (fp_text user %R (at 0 0 90) (layer F.Fab)
      (effects (font (size 0.4 0.4) (thickness 0.06)))
    )
    (pad 2 smd roundrect (at 0.8625 0 90) (size 1.075 0.95) (layers F.Cu F.Paste F.Mask) (roundrect_rratio 0.25)
      (net 2 GND))
    (pad 1 smd roundrect (at -0.8625 0 90) (size 1.075 0.95) (layers F.Cu F.Paste F.Mask) (roundrect_rratio 0.25)
      (net 4 +5V))
    (model ${KISYS3DMOD}/Capacitor_SMD.3dshapes/C_0603_1608Metric.wrl
      (at (xyz 0 0 0))
      (scale (xyz 1 1 1))
      (rotate (xyz 0 0 0))
    )
  )

  (module Capacitor_SMD:C_0603_1608Metric_Pad1.08x0.95mm_HandSolder (layer F.Cu) (tedit 5F68FEEF) (tstamp 61A52427)
    (at 110.043 66.7345 270)
    (descr "Capacitor SMD 0603 (1608 Metric), square (rectangular) end terminal, IPC_7351 nominal with elongated pad for handsoldering. (Body size source: IPC-SM-782 page 76, https://www.pcb-3d.com/wordpress/wp-content/uploads/ipc-sm-782a_amendment_1_and_2.pdf), generated with kicad-footprint-generator")
    (tags "capacitor handsolder")
    (path /617FEF8A)
    (attr smd)
    (fp_text reference C4 (at 0 -1.43 90) (layer F.SilkS)
      (effects (font (size 1 1) (thickness 0.15)))
    )
    (fp_text value C (at 0 1.43 90) (layer F.Fab)
      (effects (font (size 1 1) (thickness 0.15)))
    )
    (fp_line (start 1.65 0.73) (end -1.65 0.73) (layer F.CrtYd) (width 0.05))
    (fp_line (start 1.65 -0.73) (end 1.65 0.73) (layer F.CrtYd) (width 0.05))
    (fp_line (start -1.65 -0.73) (end 1.65 -0.73) (layer F.CrtYd) (width 0.05))
    (fp_line (start -1.65 0.73) (end -1.65 -0.73) (layer F.CrtYd) (width 0.05))
    (fp_line (start -0.146267 0.51) (end 0.146267 0.51) (layer F.SilkS) (width 0.12))
    (fp_line (start -0.146267 -0.51) (end 0.146267 -0.51) (layer F.SilkS) (width 0.12))
    (fp_line (start 0.8 0.4) (end -0.8 0.4) (layer F.Fab) (width 0.1))
    (fp_line (start 0.8 -0.4) (end 0.8 0.4) (layer F.Fab) (width 0.1))
    (fp_line (start -0.8 -0.4) (end 0.8 -0.4) (layer F.Fab) (width 0.1))
    (fp_line (start -0.8 0.4) (end -0.8 -0.4) (layer F.Fab) (width 0.1))
    (fp_text user %R (at 0 0 90) (layer F.Fab)
      (effects (font (size 0.4 0.4) (thickness 0.06)))
    )
    (pad 1 smd roundrect (at -0.8625 0 270) (size 1.075 0.95) (layers F.Cu F.Paste F.Mask) (roundrect_rratio 0.25)
      (net 5 +3V3))
    (pad 2 smd roundrect (at 0.8625 0 270) (size 1.075 0.95) (layers F.Cu F.Paste F.Mask) (roundrect_rratio 0.25)
      (net 2 GND))
    (model ${KISYS3DMOD}/Capacitor_SMD.3dshapes/C_0603_1608Metric.wrl
      (at (xyz 0 0 0))
      (scale (xyz 1 1 1))
      (rotate (xyz 0 0 0))
    )
  )

  (module Capacitor_SMD:C_0603_1608Metric_Pad1.08x0.95mm_HandSolder (layer F.Cu) (tedit 5F68FEEF) (tstamp 61A52628)
    (at 150.556 73.8465 270)
    (descr "Capacitor SMD 0603 (1608 Metric), square (rectangular) end terminal, IPC_7351 nominal with elongated pad for handsoldering. (Body size source: IPC-SM-782 page 76, https://www.pcb-3d.com/wordpress/wp-content/uploads/ipc-sm-782a_amendment_1_and_2.pdf), generated with kicad-footprint-generator")
    (tags "capacitor handsolder")
    (path /61C8D276)
    (attr smd)
    (fp_text reference C5 (at 0 -1.43 90) (layer F.SilkS)
      (effects (font (size 1 1) (thickness 0.15)))
    )
    (fp_text value C (at 0 1.43 90) (layer F.Fab)
      (effects (font (size 1 1) (thickness 0.15)))
    )
    (fp_line (start -0.8 0.4) (end -0.8 -0.4) (layer F.Fab) (width 0.1))
    (fp_line (start -0.8 -0.4) (end 0.8 -0.4) (layer F.Fab) (width 0.1))
    (fp_line (start 0.8 -0.4) (end 0.8 0.4) (layer F.Fab) (width 0.1))
    (fp_line (start 0.8 0.4) (end -0.8 0.4) (layer F.Fab) (width 0.1))
    (fp_line (start -0.146267 -0.51) (end 0.146267 -0.51) (layer F.SilkS) (width 0.12))
    (fp_line (start -0.146267 0.51) (end 0.146267 0.51) (layer F.SilkS) (width 0.12))
    (fp_line (start -1.65 0.73) (end -1.65 -0.73) (layer F.CrtYd) (width 0.05))
    (fp_line (start -1.65 -0.73) (end 1.65 -0.73) (layer F.CrtYd) (width 0.05))
    (fp_line (start 1.65 -0.73) (end 1.65 0.73) (layer F.CrtYd) (width 0.05))
    (fp_line (start 1.65 0.73) (end -1.65 0.73) (layer F.CrtYd) (width 0.05))
    (fp_text user %R (at 0 0 90) (layer F.Fab)
      (effects (font (size 0.4 0.4) (thickness 0.06)))
    )
    (pad 2 smd roundrect (at 0.8625 0 270) (size 1.075 0.95) (layers F.Cu F.Paste F.Mask) (roundrect_rratio 0.25)
      (net 2 GND))
    (pad 1 smd roundrect (at -0.8625 0 270) (size 1.075 0.95) (layers F.Cu F.Paste F.Mask) (roundrect_rratio 0.25)
      (net 16 "Net-(C5-Pad1)"))
    (model ${KISYS3DMOD}/Capacitor_SMD.3dshapes/C_0603_1608Metric.wrl
      (at (xyz 0 0 0))
      (scale (xyz 1 1 1))
      (rotate (xyz 0 0 0))
    )
  )

  (module Capacitor_SMD:C_0603_1608Metric_Pad1.08x0.95mm_HandSolder (layer F.Cu) (tedit 5F68FEEF) (tstamp 61A52ED4)
    (at 150.048 64.5225 90)
    (descr "Capacitor SMD 0603 (1608 Metric), square (rectangular) end terminal, IPC_7351 nominal with elongated pad for handsoldering. (Body size source: IPC-SM-782 page 76, https://www.pcb-3d.com/wordpress/wp-content/uploads/ipc-sm-782a_amendment_1_and_2.pdf), generated with kicad-footprint-generator")
    (tags "capacitor handsolder")
    (path /61C65100)
    (attr smd)
    (fp_text reference C6 (at 0 -1.43 90) (layer F.SilkS)
      (effects (font (size 1 1) (thickness 0.15)))
    )
    (fp_text value C (at 0 1.43 90) (layer F.Fab)
      (effects (font (size 1 1) (thickness 0.15)))
    )
    (fp_line (start 1.65 0.73) (end -1.65 0.73) (layer F.CrtYd) (width 0.05))
    (fp_line (start 1.65 -0.73) (end 1.65 0.73) (layer F.CrtYd) (width 0.05))
    (fp_line (start -1.65 -0.73) (end 1.65 -0.73) (layer F.CrtYd) (width 0.05))
    (fp_line (start -1.65 0.73) (end -1.65 -0.73) (layer F.CrtYd) (width 0.05))
    (fp_line (start -0.146267 0.51) (end 0.146267 0.51) (layer F.SilkS) (width 0.12))
    (fp_line (start -0.146267 -0.51) (end 0.146267 -0.51) (layer F.SilkS) (width 0.12))
    (fp_line (start 0.8 0.4) (end -0.8 0.4) (layer F.Fab) (width 0.1))
    (fp_line (start 0.8 -0.4) (end 0.8 0.4) (layer F.Fab) (width 0.1))
    (fp_line (start -0.8 -0.4) (end 0.8 -0.4) (layer F.Fab) (width 0.1))
    (fp_line (start -0.8 0.4) (end -0.8 -0.4) (layer F.Fab) (width 0.1))
    (fp_text user %R (at 0 0 90) (layer F.Fab)
      (effects (font (size 0.4 0.4) (thickness 0.06)))
    )
    (pad 1 smd roundrect (at -0.8625 0 90) (size 1.075 0.95) (layers F.Cu F.Paste F.Mask) (roundrect_rratio 0.25)
      (net 17 "Net-(C6-Pad1)"))
    (pad 2 smd roundrect (at 0.8625 0 90) (size 1.075 0.95) (layers F.Cu F.Paste F.Mask) (roundrect_rratio 0.25)
      (net 2 GND))
    (model ${KISYS3DMOD}/Capacitor_SMD.3dshapes/C_0603_1608Metric.wrl
      (at (xyz 0 0 0))
      (scale (xyz 1 1 1))
      (rotate (xyz 0 0 0))
    )
  )

  (module Capacitor_SMD:C_0603_1608Metric_Pad1.08x0.95mm_HandSolder (layer F.Cu) (tedit 5F68FEEF) (tstamp 61A52C9A)
    (at 141.666 76.0795 270)
    (descr "Capacitor SMD 0603 (1608 Metric), square (rectangular) end terminal, IPC_7351 nominal with elongated pad for handsoldering. (Body size source: IPC-SM-782 page 76, https://www.pcb-3d.com/wordpress/wp-content/uploads/ipc-sm-782a_amendment_1_and_2.pdf), generated with kicad-footprint-generator")
    (tags "capacitor handsolder")
    (path /61C8D27C)
    (attr smd)
    (fp_text reference C7 (at 0 -1.43 90) (layer F.SilkS)
      (effects (font (size 1 1) (thickness 0.15)))
    )
    (fp_text value C (at 0 1.43 90) (layer F.Fab)
      (effects (font (size 1 1) (thickness 0.15)))
    )
    (fp_line (start 1.65 0.73) (end -1.65 0.73) (layer F.CrtYd) (width 0.05))
    (fp_line (start 1.65 -0.73) (end 1.65 0.73) (layer F.CrtYd) (width 0.05))
    (fp_line (start -1.65 -0.73) (end 1.65 -0.73) (layer F.CrtYd) (width 0.05))
    (fp_line (start -1.65 0.73) (end -1.65 -0.73) (layer F.CrtYd) (width 0.05))
    (fp_line (start -0.146267 0.51) (end 0.146267 0.51) (layer F.SilkS) (width 0.12))
    (fp_line (start -0.146267 -0.51) (end 0.146267 -0.51) (layer F.SilkS) (width 0.12))
    (fp_line (start 0.8 0.4) (end -0.8 0.4) (layer F.Fab) (width 0.1))
    (fp_line (start 0.8 -0.4) (end 0.8 0.4) (layer F.Fab) (width 0.1))
    (fp_line (start -0.8 -0.4) (end 0.8 -0.4) (layer F.Fab) (width 0.1))
    (fp_line (start -0.8 0.4) (end -0.8 -0.4) (layer F.Fab) (width 0.1))
    (fp_text user %R (at 0 0 90) (layer F.Fab)
      (effects (font (size 0.4 0.4) (thickness 0.06)))
    )
    (pad 1 smd roundrect (at -0.8625 0 270) (size 1.075 0.95) (layers F.Cu F.Paste F.Mask) (roundrect_rratio 0.25)
      (net 11 PWM))
    (pad 2 smd roundrect (at 0.8625 0 270) (size 1.075 0.95) (layers F.Cu F.Paste F.Mask) (roundrect_rratio 0.25)
      (net 2 GND))
    (model ${KISYS3DMOD}/Capacitor_SMD.3dshapes/C_0603_1608Metric.wrl
      (at (xyz 0 0 0))
      (scale (xyz 1 1 1))
      (rotate (xyz 0 0 0))
    )
  )

  (module Capacitor_SMD:C_0603_1608Metric_Pad1.08x0.95mm_HandSolder (layer F.Cu) (tedit 5F68FEEF) (tstamp 61A52BA1)
    (at 140.269 64.5225 90)
    (descr "Capacitor SMD 0603 (1608 Metric), square (rectangular) end terminal, IPC_7351 nominal with elongated pad for handsoldering. (Body size source: IPC-SM-782 page 76, https://www.pcb-3d.com/wordpress/wp-content/uploads/ipc-sm-782a_amendment_1_and_2.pdf), generated with kicad-footprint-generator")
    (tags "capacitor handsolder")
    (path /61C66800)
    (attr smd)
    (fp_text reference C8 (at 0 -1.43 90) (layer F.SilkS)
      (effects (font (size 1 1) (thickness 0.15)))
    )
    (fp_text value C (at 0 1.43 90) (layer F.Fab)
      (effects (font (size 1 1) (thickness 0.15)))
    )
    (fp_line (start -0.8 0.4) (end -0.8 -0.4) (layer F.Fab) (width 0.1))
    (fp_line (start -0.8 -0.4) (end 0.8 -0.4) (layer F.Fab) (width 0.1))
    (fp_line (start 0.8 -0.4) (end 0.8 0.4) (layer F.Fab) (width 0.1))
    (fp_line (start 0.8 0.4) (end -0.8 0.4) (layer F.Fab) (width 0.1))
    (fp_line (start -0.146267 -0.51) (end 0.146267 -0.51) (layer F.SilkS) (width 0.12))
    (fp_line (start -0.146267 0.51) (end 0.146267 0.51) (layer F.SilkS) (width 0.12))
    (fp_line (start -1.65 0.73) (end -1.65 -0.73) (layer F.CrtYd) (width 0.05))
    (fp_line (start -1.65 -0.73) (end 1.65 -0.73) (layer F.CrtYd) (width 0.05))
    (fp_line (start 1.65 -0.73) (end 1.65 0.73) (layer F.CrtYd) (width 0.05))
    (fp_line (start 1.65 0.73) (end -1.65 0.73) (layer F.CrtYd) (width 0.05))
    (fp_text user %R (at 0 0 90) (layer F.Fab)
      (effects (font (size 0.4 0.4) (thickness 0.06)))
    )
    (pad 2 smd roundrect (at 0.8625 0 90) (size 1.075 0.95) (layers F.Cu F.Paste F.Mask) (roundrect_rratio 0.25)
      (net 2 GND))
    (pad 1 smd roundrect (at -0.8625 0 90) (size 1.075 0.95) (layers F.Cu F.Paste F.Mask) (roundrect_rratio 0.25)
      (net 6 CCR))
    (model ${KISYS3DMOD}/Capacitor_SMD.3dshapes/C_0603_1608Metric.wrl
      (at (xyz 0 0 0))
      (scale (xyz 1 1 1))
      (rotate (xyz 0 0 0))
    )
  )

  (module Capacitor_SMD:C_0603_1608Metric_Pad1.08x0.95mm_HandSolder (layer F.Cu) (tedit 5F68FEEF) (tstamp 61A525BC)
    (at 122.616 62.7445 90)
    (descr "Capacitor SMD 0603 (1608 Metric), square (rectangular) end terminal, IPC_7351 nominal with elongated pad for handsoldering. (Body size source: IPC-SM-782 page 76, https://www.pcb-3d.com/wordpress/wp-content/uploads/ipc-sm-782a_amendment_1_and_2.pdf), generated with kicad-footprint-generator")
    (tags "capacitor handsolder")
    (path /61BE35B5)
    (attr smd)
    (fp_text reference C9 (at 0 -1.43 90) (layer F.SilkS)
      (effects (font (size 1 1) (thickness 0.15)))
    )
    (fp_text value C (at 0 1.43 90) (layer F.Fab)
      (effects (font (size 1 1) (thickness 0.15)))
    )
    (fp_line (start -0.8 0.4) (end -0.8 -0.4) (layer F.Fab) (width 0.1))
    (fp_line (start -0.8 -0.4) (end 0.8 -0.4) (layer F.Fab) (width 0.1))
    (fp_line (start 0.8 -0.4) (end 0.8 0.4) (layer F.Fab) (width 0.1))
    (fp_line (start 0.8 0.4) (end -0.8 0.4) (layer F.Fab) (width 0.1))
    (fp_line (start -0.146267 -0.51) (end 0.146267 -0.51) (layer F.SilkS) (width 0.12))
    (fp_line (start -0.146267 0.51) (end 0.146267 0.51) (layer F.SilkS) (width 0.12))
    (fp_line (start -1.65 0.73) (end -1.65 -0.73) (layer F.CrtYd) (width 0.05))
    (fp_line (start -1.65 -0.73) (end 1.65 -0.73) (layer F.CrtYd) (width 0.05))
    (fp_line (start 1.65 -0.73) (end 1.65 0.73) (layer F.CrtYd) (width 0.05))
    (fp_line (start 1.65 0.73) (end -1.65 0.73) (layer F.CrtYd) (width 0.05))
    (fp_text user %R (at 0 0 90) (layer F.Fab)
      (effects (font (size 0.4 0.4) (thickness 0.06)))
    )
    (pad 2 smd roundrect (at 0.8625 0 90) (size 1.075 0.95) (layers F.Cu F.Paste F.Mask) (roundrect_rratio 0.25)
      (net 5 +3V3))
    (pad 1 smd roundrect (at -0.8625 0 90) (size 1.075 0.95) (layers F.Cu F.Paste F.Mask) (roundrect_rratio 0.25)
      (net 2 GND))
    (model ${KISYS3DMOD}/Capacitor_SMD.3dshapes/C_0603_1608Metric.wrl
      (at (xyz 0 0 0))
      (scale (xyz 1 1 1))
      (rotate (xyz 0 0 0))
    )
  )

  (module Capacitor_SMD:C_0603_1608Metric_Pad1.08x0.95mm_HandSolder (layer F.Cu) (tedit 5F68FEEF) (tstamp 61A526AF)
    (at 125.537 62.6705 270)
    (descr "Capacitor SMD 0603 (1608 Metric), square (rectangular) end terminal, IPC_7351 nominal with elongated pad for handsoldering. (Body size source: IPC-SM-782 page 76, https://www.pcb-3d.com/wordpress/wp-content/uploads/ipc-sm-782a_amendment_1_and_2.pdf), generated with kicad-footprint-generator")
    (tags "capacitor handsolder")
    (path /61BE27DD)
    (attr smd)
    (fp_text reference C10 (at 0 -1.43 90) (layer F.SilkS)
      (effects (font (size 1 1) (thickness 0.15)))
    )
    (fp_text value C (at 0 1.43 90) (layer F.Fab)
      (effects (font (size 1 1) (thickness 0.15)))
    )
    (fp_line (start 1.65 0.73) (end -1.65 0.73) (layer F.CrtYd) (width 0.05))
    (fp_line (start 1.65 -0.73) (end 1.65 0.73) (layer F.CrtYd) (width 0.05))
    (fp_line (start -1.65 -0.73) (end 1.65 -0.73) (layer F.CrtYd) (width 0.05))
    (fp_line (start -1.65 0.73) (end -1.65 -0.73) (layer F.CrtYd) (width 0.05))
    (fp_line (start -0.146267 0.51) (end 0.146267 0.51) (layer F.SilkS) (width 0.12))
    (fp_line (start -0.146267 -0.51) (end 0.146267 -0.51) (layer F.SilkS) (width 0.12))
    (fp_line (start 0.8 0.4) (end -0.8 0.4) (layer F.Fab) (width 0.1))
    (fp_line (start 0.8 -0.4) (end 0.8 0.4) (layer F.Fab) (width 0.1))
    (fp_line (start -0.8 -0.4) (end 0.8 -0.4) (layer F.Fab) (width 0.1))
    (fp_line (start -0.8 0.4) (end -0.8 -0.4) (layer F.Fab) (width 0.1))
    (fp_text user %R (at 0 0 90) (layer F.Fab)
      (effects (font (size 0.4 0.4) (thickness 0.06)))
    )
    (pad 1 smd roundrect (at -0.8625 0 270) (size 1.075 0.95) (layers F.Cu F.Paste F.Mask) (roundrect_rratio 0.25)
      (net 5 +3V3))
    (pad 2 smd roundrect (at 0.8625 0 270) (size 1.075 0.95) (layers F.Cu F.Paste F.Mask) (roundrect_rratio 0.25)
      (net 2 GND))
    (model ${KISYS3DMOD}/Capacitor_SMD.3dshapes/C_0603_1608Metric.wrl
      (at (xyz 0 0 0))
      (scale (xyz 1 1 1))
      (rotate (xyz 0 0 0))
    )
  )

  (module Capacitor_SMD:C_0603_1608Metric_Pad1.08x0.95mm_HandSolder (layer F.Cu) (tedit 5F68FEEF) (tstamp 61A52CCA)
    (at 110.043 127.668 180)
    (descr "Capacitor SMD 0603 (1608 Metric), square (rectangular) end terminal, IPC_7351 nominal with elongated pad for handsoldering. (Body size source: IPC-SM-782 page 76, https://www.pcb-3d.com/wordpress/wp-content/uploads/ipc-sm-782a_amendment_1_and_2.pdf), generated with kicad-footprint-generator")
    (tags "capacitor handsolder")
    (path /61ACD7A2)
    (attr smd)
    (fp_text reference C11 (at 0 -1.43) (layer F.SilkS)
      (effects (font (size 1 1) (thickness 0.15)))
    )
    (fp_text value C (at 0 1.43) (layer F.Fab)
      (effects (font (size 1 1) (thickness 0.15)))
    )
    (fp_line (start -0.8 0.4) (end -0.8 -0.4) (layer F.Fab) (width 0.1))
    (fp_line (start -0.8 -0.4) (end 0.8 -0.4) (layer F.Fab) (width 0.1))
    (fp_line (start 0.8 -0.4) (end 0.8 0.4) (layer F.Fab) (width 0.1))
    (fp_line (start 0.8 0.4) (end -0.8 0.4) (layer F.Fab) (width 0.1))
    (fp_line (start -0.146267 -0.51) (end 0.146267 -0.51) (layer F.SilkS) (width 0.12))
    (fp_line (start -0.146267 0.51) (end 0.146267 0.51) (layer F.SilkS) (width 0.12))
    (fp_line (start -1.65 0.73) (end -1.65 -0.73) (layer F.CrtYd) (width 0.05))
    (fp_line (start -1.65 -0.73) (end 1.65 -0.73) (layer F.CrtYd) (width 0.05))
    (fp_line (start 1.65 -0.73) (end 1.65 0.73) (layer F.CrtYd) (width 0.05))
    (fp_line (start 1.65 0.73) (end -1.65 0.73) (layer F.CrtYd) (width 0.05))
    (fp_text user %R (at 0 0) (layer F.Fab)
      (effects (font (size 0.4 0.4) (thickness 0.06)))
    )
    (pad 2 smd roundrect (at 0.8625 0 180) (size 1.075 0.95) (layers F.Cu F.Paste F.Mask) (roundrect_rratio 0.25)
      (net 2 GND))
    (pad 1 smd roundrect (at -0.8625 0 180) (size 1.075 0.95) (layers F.Cu F.Paste F.Mask) (roundrect_rratio 0.25)
      (net 5 +3V3))
    (model ${KISYS3DMOD}/Capacitor_SMD.3dshapes/C_0603_1608Metric.wrl
      (at (xyz 0 0 0))
      (scale (xyz 1 1 1))
      (rotate (xyz 0 0 0))
    )
  )

  (module Capacitor_SMD:C_0603_1608Metric_Pad1.08x0.95mm_HandSolder (layer F.Cu) (tedit 5F68FEEF) (tstamp 61A52C67)
    (at 109.9425 124.112 180)
    (descr "Capacitor SMD 0603 (1608 Metric), square (rectangular) end terminal, IPC_7351 nominal with elongated pad for handsoldering. (Body size source: IPC-SM-782 page 76, https://www.pcb-3d.com/wordpress/wp-content/uploads/ipc-sm-782a_amendment_1_and_2.pdf), generated with kicad-footprint-generator")
    (tags "capacitor handsolder")
    (path /61ACD7A8)
    (attr smd)
    (fp_text reference C13 (at 0 -1.43) (layer F.SilkS)
      (effects (font (size 1 1) (thickness 0.15)))
    )
    (fp_text value C (at 0 1.43) (layer F.Fab)
      (effects (font (size 1 1) (thickness 0.15)))
    )
    (fp_line (start 1.65 0.73) (end -1.65 0.73) (layer F.CrtYd) (width 0.05))
    (fp_line (start 1.65 -0.73) (end 1.65 0.73) (layer F.CrtYd) (width 0.05))
    (fp_line (start -1.65 -0.73) (end 1.65 -0.73) (layer F.CrtYd) (width 0.05))
    (fp_line (start -1.65 0.73) (end -1.65 -0.73) (layer F.CrtYd) (width 0.05))
    (fp_line (start -0.146267 0.51) (end 0.146267 0.51) (layer F.SilkS) (width 0.12))
    (fp_line (start -0.146267 -0.51) (end 0.146267 -0.51) (layer F.SilkS) (width 0.12))
    (fp_line (start 0.8 0.4) (end -0.8 0.4) (layer F.Fab) (width 0.1))
    (fp_line (start 0.8 -0.4) (end 0.8 0.4) (layer F.Fab) (width 0.1))
    (fp_line (start -0.8 -0.4) (end 0.8 -0.4) (layer F.Fab) (width 0.1))
